82
57
99
92
61
98
55
16
58
30
21
74
7
92
79
75
31
78
22
95
58
86
27
35
53
33
94
86
20
10
37
55
75
96
49
98
63
28
31
48
2
62
26
57
61
67
3
30
99
37
3
91
31
39
17
79
41
75
38
66
50
67
57
81
20
76
77
66
92
62
71
94
50
20
3
16
60
27
46
27
2
55
84
33
94
94
76
72
11
2
72
73
71
34
80
95
85
41
80
94
30
46
98
98
55
8
71
56
69
26
30
23
65
44
38
99
99
18
0
39
4
85
44
10
39
95
78
14
1
70
50
36
51
7
97
59
41
66
11
91
26
59
65
98
59
15
1
35
34
59
18
23
43
19
10
85
34
83
73
29
20
21
99
26
5
98
11
2
3
70
63
59
88
15
98
99
77
2
20
44
35
54
28
22
81
41
53
43
84
1
19
2
87
0
94
95
58
29
48
6
61
88
83
7
27
40
74
75
30
51
9
46
78
22
69
9
49
20
90
26
45
34
39
71
54
49
88
91
80
87
84
9
72
79
86
59
27
37
67
2
0
35
86
65
55
36
2
92
52
50
81
48
73
93
62
40
40
22
21
10
81
89
4
28
40
25
18
67
48
15
80
87
7
35
64
57
42
63
13
78
89
32
98
91
1
42
26
54
93
24
13
17
19
54
71
46
32
41
21
11
47
49
1
83
36
53
30
79
19
55
93
59
85
62
24
37
79
58
69
57
59
35
68
78
25
79
21
69
61
66
88
8
54
12
31
82
22
42
74
50
11
45
98
37
60
52
32
45
68
40
83
1
71
55
45
95
14
91
30
98
98
93
50
24
6
31
81
95
50
90
98
97
28
84
57
58
77
49
30
80
61
33
14
9
36
32
69
39
32
14
55
72
28
30
57
13
40
78
27
39
20
68
91
50
87
65
77
7
52
59
30
80
60
4
76
30
59
50
64
82
46
53
67
84
10
34
35
90
98
10
37
58
59
6
25
68
92
59
10
11
94
93
12
31
54
2
8
67
23
68
26
0
8
91
86
54
49
31
53
87
33
6
64
15
59
59
15
8
24
38
36
83
95
78
35
27
72
33
90
49
82
60
18
2
97
57
61
74
16
86
99
97
78
59
99
71
78
58
59
80
49
35
32
87
2
67
96
30
8
8
55
40
12
48
65
86
43
54
31
83
76
22
20
42
67
52
39
54
73
13
75
62
40
65
49
99
44
65
3
83
20
84
70
35
18
50
47
26
57
18
76
37
25
9
26
92
26
97
86
3
90
78
32
21
66
97
71
86
88
74
24
54
86
76
99
43
75
64
64
85
63
22
40
78
14
94
59
45
57
67
94
91
25
38
85
52
37
34
91
20
98
83
63
52
4
77
91
0
84
67
56
55
49
65
20
32
63
52
20
15
42
13
38
94
21
5
92
98
75
36
60
23
40
92
59
99
36
37
49
38
65
51
50
20
27
24
31
67
85
97
8
81
0
4
7
83
59
24
19
60
86
20
10
89
60
29
21
45
88
59
81
56
1
76
71
8
5
14
33
85
56
75
29
92
94
39
91
95
74
49
11
39
8
37
97
46
70
30
69
45
63
36
19
78
36
10
43
68
47
67
63
52
59
99
61
26
22
26
16
57
27
24
88
40
67
20
18
88
31
87
62
46
20
31
20
94
15
73
50
50
37
96
24
40
6
70
85
81
79
50
18
11
34
95
89
81
49
80
44
89
58
67
58
19
73
81
59
78
26
37
23
60
63
41
40
91
50
54
69
83
8
34
83
98
57
57
76
88
32
13
39
57
44
56
31
37
41
41
80
75
36
78
47
45
21
64
19
87
55
76
40
98
47
67
33
73
75
93
91
36
94
52
32
10
96
12
30
45
32
67
31
80
86
15
15
85
99
95
70
0
24
20
36
77
79
96
35
30
74
61
63
5
74
24
26
86
43
53
99
88
37
80
93
46
27
74
0
52
98
46
36
16
30
21
95
52
96
65
65
34
46
91
64
68
39
74
77
25
17
37
37
65
14
11
65
45
48
21
21
99
4
44
37
5
4
97
42
24
78
51
56
32
68
17
77
79
55
73
33
53
29
53
22
7
66
48
87
96
24
37
76
20
74
73
57
27
27
99
5
71
12
77
35
34
52
41
7
80
9
42
67
71
99
45
68
73
5
48
48
0
84
50
27
5
68
2
81
8
70
42
67
99
88
68
10
81
57
36
38
74
61
36
6
46
64
25
39
12
87
43
11
44
55
48
83
45
67
58
76
13
