69
1
52
69
29
53
43
26
76
38
64
57
93
49
49
81
65
20
85
10
86
100
96
34
52
55
78
70
5
22
98
38
48
43
17
25
31
47
14
70
37
28
53
35
87
98
38
49
7
80
89
25
45
63
42
82
27
9
83
55
30
21
55
38
71
67
52
49
51
31
98
24
97
13
34
31
95
49
20
56
31
33
27
10
90
20
36
79
77
11
59
6
90
48
77
25
67
2
42
69
46
34
86
7
87
49
83
48
56
95
27
10
53
56
65
36
61
45
61
35
61
3
12
72
8
74
0
78
6
94
63
100
75
31
79
19
100
95
14
15
14
99
23
51
28
20
79
38
10
46
18
87
35
76
93
65
38
92
96
0
8
48
32
40
22
92
85
60
77
63
3
57
29
41
19
56
14
79
100
19
60
64
2
7
69
70
45
24
96
1
52
57
60
74
56
84
96
99
63
54
7
17
87
39
13
13
56
88
79
82
16
25
49
5
48
57
2
70
44
83
5
97
70
35
43
22
73
28
11
91
89
84
87
39
66
17
2
72
42
82
56
5
96
23
64
20
80
78
55
43
43
55
37
41
57
35
89
17
95
2
79
1
79
55
86
76
24
98
30
54
62
22
83
84
97
39
57
7
49
9
99
57
3
59
40
13
36
57
78
63
68
62
33
25
83
14
41
94
77
51
44
7
47
72
47
8
92
34
50
60
78
55
12
94
48
30
82
25
13
0
78
92
41
61
17
14
45
26
57
12
70
47
36
55
46
13
15
74
90
82
91
47
41
46
9
2
51
67
46
27
33
47
86
37
19
69
36
97
72
64
35
77
84
87
30
39
50
87
74
19
66
71
27
31
29
42
79
86
28
40
31
53
61
47
64
42
85
25
16
62
21
38
4
39
44
2
93
0
29
1
49
52
56
16
2
22
90
31
58
46
57
27
79
96
8
87
37
23
7
69
27
76
46
99
19
52
71
2
38
73
20
46
39
31
64
1
69
71
1
83
61
44
61
8
37
80
36
98
69
10
60
10
24
84
53
8
62
40
9
79
17
71
55
31
98
37
94
15
17
21
40
79
39
18
0
38
19
1
82
73
92
64
85
47
88
77
9
55
3
1
26
89
36
69
75
40
21
28
28
95
68
84
40
32
84
71
91
52
97
67
14
71
36
46
27
87
98
59
78
73
73
73
91
79
23
37
22
45
27
24
38
100
68
57
45
46
80
60
51
69
85
31
68
15
67
65
0
3
84
0
58
33
54
49
84
33
29
67
52
92
97
37
69
85
88
74
86
93
23
87
25
96
37
29
77
84
54
71
39
18
61
92
90
14
25
61
28
44
41
87
11
87
48
65
55
74
59
100
52
0
55
23
1
6
58
16
56
32
17
60
87
39
0
53
97
98
54
85
14
67
28
73
84
85
42
36
45
34
36
43
96
0
37
0
21
19
27
66
40
37
38
70
6
53
84
16
93
19
32
40
80
31
70
40
63
16
76
42
59
83
81
68
12
3
63
71
4
27
45
99
16
70
55
35
61
18
65
85
65
86
81
12
13
5
47
71
24
11
79
95
87
23
26
39
6
44
55
1
88
63
79
86
72
64
75
47
14
8
82
1
81
93
82
70
19
47
52
56
92
94
39
34
53
92
63
41
53
56
93
67
52
29
85
43
68
9
78
71
29
49
69
78
37
57
49
45
7
42
90
96
71
47
56
65
22
57
75
67
83
39
91
13
57
48
40
61
36
37
81
28
34
14
89
38
8
56
29
98
30
34
71
64
81
78
23
4
2
99
35
36
1
34
81
54
96
21
28
62
28
4
9
81
74
83
6
42
33
93
74
78
96
1
94
21
75
86
76
34
91
6
77
59
88
54
9
67
4
68
11
34
92
32
3
100
31
80
37
91
91
18
73
48
49
95
13
57
42
95
32
86
21
62
94
31
5
83
100
27
44
7
34
48
99
8
3
78
72
17
44
25
30
17
95
30
36
22
38
52
48
27
34
72
80
68
50
34
17
73
31
72
73
61
29
89
24
83
28
63
20
21
75
37
51
29
22
9
38
96
81
71
33
82
79
50
94
28
53
32
15
38
94
0
98
89
55
72
32
90
39
59
32
51
46
15
98
87
24
68
40
93
36
1
18
66
53
28
21
82
33
16
91
77
79
42
42
50
94
5
25
64
24
20
90
46
70
75
9
53
62
5
55
70
37
95
63
81
27
42
83
80
23
77
47
35
17
58
32
100
21
3
38
80
74
18
30
28
93
69
54
64
